612
5112 -4944 5119 -4944
5105 -4902 5112 -4902
5098 -4958 5091 -4958
5007 -4881 5014 -4881
5014 -4986 5014 -4979
5007 -4902 5000 -4902
5007 -4958 5007 -4965
5098 -4923 5098 -4930
5014 -4916 5014 -4909
5091 -4909 5098 -4909
5028 -4951 5028 -4958
5119 -4951 5112 -4951
5007 -4888 5000 -4888
5042 -4881 5035 -4881
5070 -4916 5070 -4909
5077 -4930 5077 -4923
5112 -4895 5119 -4895
5035 -4958 5042 -4958
5098 -4944 5098 -4951
5042 -4944 5035 -4944
5035 -4881 5028 -4881
5091 -4958 5084 -4958
5049 -4888 5042 -4888
5021 -4895 5028 -4895
5042 -4909 5049 -4909
5077 -4909 5070 -4909
5042 -4937 5042 -4930
5084 -4916 5084 -4923
5007 -4958 5007 -4951
5105 -4979 5112 -4979
5091 -4902 5091 -4895
5112 -4958 5105 -4958
5056 -4972 5063 -4972
5028 -4930 5035 -4930
5056 -4909 5063 -4909
5007 -4902 5007 -4909
5119 -4944 5119 -4937
5112 -4972 5119 -4972
5112 -4965 5112 -4958
5077 -4972 5084 -4972
5028 -4923 5021 -4923
5000 -4930 5007 -4930
5007 -4944 5007 -4937
5112 -4993 5112 -5000
5042 -4979 5035 -4979
5112 -4979 5112 -4972
5105 -4895 5098 -4895
5028 -4930 5028 -4923
5112 -4888 5105 -4888
5021 -4937 5014 -4937
5042 -4916 5035 -4916
5077 -4986 5070 -4986
5105 -5000 5112 -5000
5035 -4986 5035 -4993
5091 -4923 5084 -4923
5028 -4986 5028 -4993
5112 -4923 5119 -4923
5007 -4979 5007 -4986
5105 -4923 5105 -4916
5021 -4993 5028 -4993
5049 -5000 5056 -5000
5098 -4916 5105 -4916
5070 -4916 5063 -4916
5091 -5000 5091 -4993
5098 -4986 5105 -4986
5091 -4902 5098 -4902
5014 -4986 5021 -4986
5014 -4986 5007 -4986
5098 -4972 5105 -4972
5014 -4909 5014 -4902
5098 -4916 5098 -4909
5084 -4965 5084 -4958
5084 -4993 5084 -4986
5035 -4993 5035 -5000
5070 -4888 5077 -4888
5049 -4965 5049 -4958
5056 -4923 5056 -4916
5105 -4972 5112 -4972
5035 -4972 5035 -4965
5000 -4944 5000 -4951
5056 -4881 5049 -4881
5007 -4993 5000 -4993
5021 -4895 5021 -4902
5014 -4951 5014 -4958
5063 -4888 5070 -4888
5084 -4902 5084 -4895
5035 -4993 5028 -4993
5077 -4972 5070 -4972
5021 -4902 5014 -4902
5084 -4937 5077 -4937
5007 -4993 5014 -4993
5063 -4895 5063 -4888
5084 -4986 5091 -4986
5091 -4902 5084 -4902
5056 -4972 5056 -4979
5112 -4965 5112 -4972
5021 -4937 5021 -4930
5035 -4881 5035 -4888
5119 -4951 5119 -4958
5098 -4888 5105 -4888
5049 -4895 5056 -4895
5112 -4958 5119 -4958
5119 -4979 5112 -4979
5021 -4909 5014 -4909
5098 -4958 5098 -4965
5042 -4909 5035 -4909
5028 -4881 5021 -4881
5077 -4916 5070 -4916
5056 -4930 5056 -4937
5098 -4888 5098 -4895
5077 -4895 5084 -4895
5070 -4930 5070 -4923
5014 -4916 5007 -4916
5021 -4881 5014 -4881
5028 -4958 5028 -4965
5035 -4937 5035 -4930
5091 -4937 5091 -4930
5000 -4937 5000 -4930
5119 -5000 5112 -5000
5063 -4951 5070 -4951
5028 -4909 5028 -4916
5070 -4909 5063 -4909
5098 -4972 5098 -4965
5042 -4986 5035 -4986
5098 -4881 5098 -4888
5028 -4895 5035 -4895
5091 -4958 5091 -4965
5077 -4895 5077 -4902
5084 -4986 5077 -4986
5056 -4979 5049 -4979
5035 -4979 5035 -4972
5035 -4916 5035 -4909
5070 -4993 5070 -4986
5063 -4951 5063 -4958
5049 -4909 5049 -4902
5084 -4923 5084 -4930
5084 -4972 5084 -4965
5028 -4944 5021 -4944
5014 -4902 5014 -4895
5091 -4909 5084 -4909
5077 -4881 5084 -4881
5112 -4993 5112 -4986
5084 -4909 5084 -4902
5112 -4909 5112 -4902
5070 -4951 5077 -4951
5063 -4979 5070 -4979
5056 -4986 5056 -4993
5063 -5000 5070 -5000
5112 -4937 5112 -4944
5070 -4965 5063 -4965
5105 -4916 5105 -4909
5112 -4986 5119 -4986
5119 -4916 5119 -4923
5028 -4916 5035 -4916
5007 -4972 5007 -4979
5021 -4888 5021 -4895
5091 -4958 5091 -4951
5077 -5000 5077 -4993
5049 -4958 5042 -4958
5091 -4930 5091 -4923
5077 -4979 5070 -4979
5084 -4923 5077 -4923
5028 -4888 5028 -4881
5021 -4958 5021 -4965
5000 -4979 5000 -4986
5112 -4944 5105 -4944
5119 -4930 5119 -4923
5007 -5000 5000 -5000
5077 -4944 5077 -4937
5112 -4930 5112 -4937
5000 -4944 5007 -4944
5014 -4923 5014 -4930
5000 -4923 5000 -4930
5063 -4902 5063 -4895
5070 -4902 5063 -4902
5007 -4958 5014 -4958
5000 -4965 5007 -4965
5091 -4986 5091 -4979
5070 -4944 5077 -4944
5014 -4972 5021 -4972
5112 -4951 5112 -4944
5091 -4909 5091 -4902
5063 -4902 5056 -4902
5077 -4951 5077 -4944
5028 -4986 5028 -4979
5000 -4958 5000 -4965
5119 -4909 5119 -4916
5014 -4930 5021 -4930
5049 -4909 5056 -4909
5000 -4916 5000 -4923
5112 -4902 5119 -4902
5014 -4888 5014 -4881
5084 -4958 5084 -4951
5014 -4944 5021 -4944
5098 -4979 5091 -4979
5028 -4986 5035 -4986
5042 -4930 5049 -4930
5021 -4944 5021 -4937
5021 -4951 5021 -4944
5056 -4923 5056 -4930
5028 -4979 5021 -4979
5070 -5000 5077 -5000
5098 -4881 5105 -4881
5042 -4916 5042 -4923
5028 -4972 5028 -4965
5105 -4937 5098 -4937
5042 -4979 5042 -4986
5056 -4916 5063 -4916
5014 -4930 5007 -4930
5042 -4902 5042 -4909
5084 -4888 5077 -4888
5035 -4895 5042 -4895
5049 -4881 5042 -4881
5070 -4965 5070 -4958
5000 -4909 5007 -4909
5070 -4930 5063 -4930
5056 -4902 5056 -4895
5014 -4951 5014 -4944
5070 -4909 5070 -4902
5091 -4951 5098 -4951
5112 -4916 5112 -4909
5098 -4958 5105 -4958
5112 -4930 5119 -4930
5098 -4937 5098 -4930
5098 -4986 5091 -4986
5105 -4881 5105 -4888
5098 -4902 5098 -4909
5000 -4909 5000 -4902
5049 -4937 5049 -4944
5014 -4916 5014 -4923
5042 -4993 5042 -4986
5091 -4895 5098 -4895
5084 -4888 5084 -4895
5049 -4902 5042 -4902
5077 -4965 5077 -4972
5105 -4993 5105 -5000
5105 -4937 5105 -4944
5042 -4923 5049 -4923
5028 -4888 5028 -4895
5000 -4986 5000 -4993
5021 -5000 5028 -5000
5098 -4993 5098 -4986
5063 -4937 5063 -4930
5077 -4993 5070 -4993
5105 -4951 5105 -4944
5063 -4944 5063 -4951
5035 -5000 5042 -5000
5063 -4909 5063 -4916
5035 -4951 5035 -4944
5028 -4937 5028 -4944
5000 -4888 5000 -4895
5049 -4937 5049 -4930
5112 -4888 5112 -4895
5056 -4986 5063 -4986
5098 -4965 5091 -4965
5084 -4930 5091 -4930
5042 -4902 5042 -4895
5007 -4993 5007 -5000
5070 -4895 5063 -4895
5056 -4895 5056 -4888
5049 -4972 5056 -4972
5119 -4986 5119 -4979
5084 -4944 5091 -4944
5098 -5000 5105 -5000
5119 -4944 5119 -4951
5007 -4937 5000 -4937
5014 -4965 5021 -4965
5042 -4888 5035 -4888
5028 -4979 5028 -4972
5119 -4881 5112 -4881
5007 -4902 5014 -4902
5000 -4923 5007 -4923
5035 -4909 5028 -4909
5007 -4972 5000 -4972
5000 -4895 5007 -4895
5084 -4888 5084 -4881
5021 -4916 5014 -4916
5070 -4923 5070 -4916
5070 -4979 5070 -4986
5056 -4958 5056 -4965
5028 -5000 5028 -4993
5105 -4902 5105 -4895
5000 -4888 5000 -4881
5007 -4951 5007 -4944
5028 -4937 5028 -4930
5070 -4944 5070 -4937
5063 -4937 5063 -4944
5105 -4993 5105 -4986
5105 -4993 5098 -4993
5035 -4944 5035 -4937
5056 -4888 5063 -4888
5049 -4930 5056 -4930
5014 -4944 5014 -4937
5084 -4916 5084 -4909
5077 -4895 5070 -4895
5063 -4930 5063 -4923
5042 -4958 5042 -4951
5056 -4944 5049 -4944
5091 -4923 5098 -4923
5000 -5000 5000 -4993
5070 -4923 5077 -4923
5049 -4895 5042 -4895
5056 -4972 5056 -4965
5042 -4944 5042 -4937
5070 -4930 5077 -4930
5021 -4916 5021 -4909
5091 -4944 5091 -4951
5021 -4951 5028 -4951
5056 -5000 5056 -4993
5056 -4944 5063 -4944
5112 -4965 5119 -4965
5021 -4916 5028 -4916
5112 -4902 5112 -4895
5091 -4979 5091 -4972
5028 -4965 5035 -4965
5007 -4965 5014 -4965
5007 -4909 5007 -4916
5035 -4909 5035 -4902
5112 -4916 5119 -4916
5119 -4937 5119 -4930
5049 -4888 5056 -4888
5077 -4958 5070 -4958
5000 -4951 5007 -4951
5021 -4965 5021 -4972
5021 -4909 5028 -4909
5077 -4951 5084 -4951
5021 -4909 5021 -4902
5000 -4902 5000 -4895
5049 -4986 5056 -4986
5077 -4895 5077 -4888
5021 -4881 5021 -4888
5077 -4993 5077 -4986
5056 -4993 5063 -4993
5049 -4930 5049 -4923
5119 -4979 5119 -4972
5084 -4951 5084 -4944
5077 -4958 5084 -4958
5035 -4902 5035 -4895
5070 -4951 5070 -4944
5021 -4958 5028 -4958
5035 -4979 5035 -4986
5042 -4972 5042 -4979
5098 -4986 5098 -4979
5063 -4979 5063 -4986
5035 -5000 5028 -5000
5070 -4958 5070 -4951
5021 -5000 5021 -4993
5070 -4881 5077 -4881
5084 -4979 5084 -4986
5007 -4930 5007 -4923
5105 -4881 5112 -4881
5077 -4979 5084 -4979
5084 -4930 5084 -4937
5119 -4888 5119 -4881
5042 -5000 5042 -4993
5091 -4916 5084 -4916
5049 -4979 5049 -4986
5000 -4958 5007 -4958
5035 -4965 5035 -4958
5049 -4993 5042 -4993
5021 -5000 5014 -5000
5042 -4937 5035 -4937
5049 -4923 5056 -4923
5098 -5000 5098 -4993
5063 -4965 5056 -4965
5070 -4888 5070 -4881
5000 -4972 5000 -4965
5091 -5000 5084 -5000
5000 -4881 5007 -4881
5105 -4965 5105 -4958
5070 -4895 5070 -4902
5070 -4958 5063 -4958
5021 -4923 5014 -4923
5077 -4916 5077 -4923
5007 -4937 5007 -4930
5098 -5000 5091 -5000
5035 -4937 5028 -4937
5119 -4993 5112 -4993
5084 -4895 5091 -4895
5056 -4958 5063 -4958
5063 -4972 5063 -4965
5119 -4909 5119 -4902
5098 -4944 5098 -4937
5056 -4958 5049 -4958
5091 -4895 5091 -4888
5105 -4902 5098 -4902
5014 -4972 5014 -4965
5007 -4923 5007 -4916
5105 -4909 5105 -4902
5028 -4972 5035 -4972
5042 -4986 5049 -4986
5112 -4958 5112 -4951
5077 -4930 5077 -4937
5042 -4951 5035 -4951
5049 -4951 5042 -4951
5063 -5000 5056 -5000
5049 -4951 5049 -4944
5105 -4986 5112 -4986
5077 -4888 5077 -4881
5042 -4888 5042 -4895
5028 -4902 5028 -4895
5014 -4972 5007 -4972
5091 -4881 5098 -4881
5007 -4986 5000 -4986
5105 -4951 5098 -4951
5007 -4895 5007 -4902
5014 -4993 5014 -4986
5098 -4979 5098 -4972
5021 -4951 5014 -4951
5049 -4937 5056 -4937
5091 -4916 5091 -4923
5112 -4937 5119 -4937
5091 -4972 5084 -4972
5063 -4937 5070 -4937
5105 -4944 5098 -4944
5084 -4944 5077 -4944
5000 -4909 5000 -4916
5056 -4923 5063 -4923
5028 -4958 5035 -4958
5091 -4993 5098 -4993
5063 -4993 5070 -4993
5035 -4979 5028 -4979
5077 -4979 5077 -4986
5021 -4895 5014 -4895
5063 -4986 5063 -4993
5056 -4951 5063 -4951
5077 -4972 5077 -4979
5112 -4888 5119 -4888
5049 -4895 5049 -4902
5084 -5000 5077 -5000
5077 -4902 5084 -4902
5014 -4937 5014 -4930
5028 -4937 5021 -4937
5098 -4930 5105 -4930
5077 -4965 5077 -4958
5007 -4895 5014 -4895
5049 -4881 5049 -4888
5119 -4965 5119 -4958
5007 -4972 5007 -4965
5042 -4930 5042 -4923
5098 -4923 5098 -4916
5035 -4923 5028 -4923
5070 -4972 5070 -4965
5084 -4993 5084 -5000
5007 -4888 5014 -4888
5105 -4930 5112 -4930
5042 -4993 5035 -4993
5056 -4888 5056 -4881
5098 -4958 5098 -4951
5077 -4909 5077 -4916
5000 -4979 5000 -4972
5049 -4979 5042 -4979
5056 -4979 5056 -4986
5035 -4895 5035 -4888
5035 -4951 5035 -4958
5014 -4993 5021 -4993
5049 -4951 5049 -4958
5091 -4979 5084 -4979
5021 -4965 5028 -4965
5042 -4916 5042 -4909
5042 -4972 5049 -4972
5119 -4993 5119 -4986
5084 -4979 5084 -4972
5098 -4888 5091 -4888
5049 -4972 5049 -4979
5000 -4944 5000 -4937
5112 -4888 5112 -4881
5028 -4930 5021 -4930
5056 -4958 5056 -4951
5014 -4951 5007 -4951
5056 -4944 5056 -4951
5063 -4979 5056 -4979
5056 -4951 5049 -4951
5035 -4923 5035 -4930
5063 -4979 5063 -4972
5056 -4902 5049 -4902
5105 -4895 5105 -4888
5070 -4937 5077 -4937
5119 -4972 5119 -4965
5063 -4881 5070 -4881
5105 -4923 5105 -4930
5014 -4958 5021 -4958
5007 -4881 5007 -4888
5105 -4972 5105 -4979
5119 -4902 5119 -4895
5084 -4937 5084 -4944
5084 -4965 5077 -4965
5056 -4909 5056 -4916
5070 -4888 5070 -4895
5021 -4930 5021 -4923
5035 -4944 5028 -4944
5014 -4972 5014 -4979
5105 -4965 5105 -4972
5084 -4965 5091 -4965
5028 -4923 5028 -4916
5098 -4944 5091 -4944
5070 -5000 5070 -4993
5091 -4937 5091 -4944
5112 -4951 5105 -4951
5049 -5000 5049 -4993
5056 -4965 5049 -4965
5028 -4902 5021 -4902
5042 -4972 5035 -4972
5119 -4909 5112 -4909
5063 -4895 5056 -4895
5070 -4930 5070 -4937
5063 -4902 5063 -4909
5063 -4965 5063 -4958
5070 -4986 5063 -4986
5063 -4888 5063 -4881
5091 -4881 5084 -4881
5084 -4993 5091 -4993
5063 -4916 5063 -4923
5098 -4930 5091 -4930
5049 -5000 5042 -5000
5007 -4916 5000 -4916
5021 -4993 5021 -4986
5098 -4972 5091 -4972
5112 -4923 5112 -4916
5014 -5000 5014 -4993
5035 -4923 5035 -4916
5056 -4916 5049 -4916
5049 -4993 5056 -4993
5112 -4986 5112 -4979
5077 -4958 5077 -4951
5049 -4916 5042 -4916
5063 -5000 5063 -4993
5049 -4916 5049 -4909
5021 -4888 5014 -4888
5028 -4888 5035 -4888
5077 -4909 5077 -4902
5112 -4937 5105 -4937
5035 -4923 5042 -4923
5035 -4965 5042 -4965
5119 -4993 5119 -5000
5049 -4888 5049 -4895
5021 -4986 5028 -4986
5091 -4965 5091 -4972
5042 -4965 5042 -4958
5042 -4881 5042 -4888
5105 -4979 5105 -4986
5014 -4979 5007 -4979
5091 -4888 5084 -4888
5105 -4965 5098 -4965
5035 -4902 5028 -4902
5091 -4951 5084 -4951
5049 -4944 5042 -4944
5056 -4937 5056 -4944
5035 -4951 5028 -4951
5112 -4895 5105 -4895
5042 -4944 5042 -4951
5112 -4965 5105 -4965
5112 -4923 5105 -4923
5105 -4909 5098 -4909
5105 -4916 5112 -4916
5042 -4972 5042 -4965
5021 -4923 5021 -4916
5070 -4972 5070 -4979
5021 -4888 5028 -4888
5084 -4993 5077 -4993
5098 -4979 5105 -4979
5049 -4916 5049 -4923
5042 -4930 5035 -4930
5112 -4923 5112 -4930
5119 -4895 5119 -4888
5091 -4909 5091 -4916
5077 -4930 5084 -4930
5021 -4951 5021 -4958
5014 -4958 5014 -4965
5056 -4909 5056 -4902
5014 -4895 5014 -4888
5021 -4972 5028 -4972
5077 -4916 5084 -4916
5042 -4902 5035 -4902
5070 -4923 5063 -4923
5105 -4951 5105 -4958
5007 -4923 5014 -4923
5021 -4986 5021 -4979
5014 -5000 5007 -5000
5014 -4937 5007 -4937
5028 -4944 5028 -4951
5070 -4965 5077 -4965
5007 -4888 5007 -4895
5007 -4909 5014 -4909
5056 -4930 5063 -4930
5063 -4944 5070 -4944
5105 -4930 5105 -4937
5105 -4909 5112 -4909
5070 -4902 5077 -4902
5091 -4937 5084 -4937
5077 -4909 5084 -4909
5070 -4972 5063 -4972
5063 -4881 5056 -4881
5098 -4902 5098 -4895
5007 -4986 5007 -4993
5105 -4993 5112 -4993
5091 -4986 5091 -4993
5091 -4937 5098 -4937
5021 -4979 5014 -4979
5056 -4937 5063 -4937
5021 -4972 5021 -4979
5049 -4965 5049 -4972
5091 -4881 5091 -4888
5014 -4944 5007 -4944
5049 -4986 5049 -4993
5042 -4965 5049 -4965
5028 -4902 5028 -4909
5098 -4916 5091 -4916
5049 -4937 5042 -4937
5000 -4958 5000 -4951
5105 -4923 5098 -4923
5007 -4979 5000 -4979
-9958 -9986 -9965 -9986
-9972 -9937 -9965 -9937
-9972 -9839 -9965 -9839
-9937 -9860 -9937 -9867
-9937 -9972 -9937 -9965
-9930 -9965 -9923 -9965
-9965 -9923 -9958 -9923
-9951 -9923 -9951 -9916
-9951 -9902 -9944 -9902
-9930 -9930 -9930 -9923
-9972 -9930 -9972 -9937
-9986 -9888 -9979 -9888
-9916 -9909 -9916 -9916
-9923 -9951 -9930 -9951
-9993 -9860 -9986 -9860
-9965 -9867 -9965 -9860
-9930 -9895 -9923 -9895
-9965 -9874 -9965 -9881
-9944 -9881 -9944 -9888
-9916 -9867 -9923 -9867
-9937 -9902 -9944 -9902
-9923 -9979 -9923 -9972
-9951 -9951 -9944 -9951
-9937 -9853 -9944 -9853
-9965 -9923 -9965 -9916
-9923 -9993 -9923 -9986
-9951 -9888 -9944 -9888
-9937 -9944 -9930 -9944
-9923 -9930 -9930 -9930
-9965 -9986 -9965 -9979
-9951 -9853 -9958 -9853
-9986 -9993 -9979 -9993
-9937 -9979 -9944 -9979
-9944 -9986 -9951 -9986
-9986 -9916 -9986 -9909
-10000 -9937 -10000 -9944
-9979 -9839 -9986 -9839
-9951 -9909 -9958 -9909
-9965 -9832 -9965 -9839
-9965 -9993 -9965 -9986
-9965 -9860 -9972 -9860
-9937 -9979 -9937 -9986
-9965 -9874 -9972 -9874
-9993 -9958 -10000 -9958
-9958 -9937 -9958 -9930
-9930 -9853 -9930 -9846
-9916 -9930 -9916 -9923
-9923 -9993 -9923 -10000
-9972 -9860 -9972 -9853
-9916 -9944 -9923 -9944
-9951 -9993 -9951 -9986
-9944 -9874 -9951 -9874
-9944 -9846 -9944 -9853
-9965 -10000 -9965 -9993
-9937 -9902 -9937 -9909
-9916 -9867 -9916 -9874
-9944 -9853 -9944 -9860
-9923 -9846 -9916 -9846
-9930 -9895 -9930 -9902
-10000 -9930 -9993 -9930
-9986 -9874 -9986 -9867
-9993 -9958 -9993 -9951
-9993 -9902 -9993 -9895
-9923 -9874 -9916 -9874
-9923 -9895 -9923 -9902
-9951 -9888 -9951 -9895
-9916 -9853 -9923 -9853
-9944 -9874 -9944 -9881
-9916 -9986 -9923 -9986
-9972 -9874 -9972 -9881
-9944 -9965 -9951 -9965
-9986 -9832 -9993 -9832
-9951 -9937 -9944 -9937
-9923 -9888 -9923 -9895
-9944 -9986 -9937 -9986
-9916 -9874 -9916 -9881
-9937 -9832 -9944 -9832
-9944 -9846 -9937 -9846
-9916 -9937 -9916 -9930
-9972 -9867 -9972 -9860
-9965 -9902 -9958 -9902
-9979 -9874 -9979 -9881
-9930 -10000 -9923 -10000
-9993 -9965 -10000 -9965
-9958 -9972 -9958 -9965
-9979 -9895 -9972 -9895
-9923 -9846 -9930 -9846
-9979 -9881 -9979 -9888
-9965 -9881 -9965 -9888
-9930 -9972 -9937 -9972
-9923 -9881 -9930 -9881
-9916 -9846 -9916 -9839
-9986 -9937 -9979 -9937
-10000 -9888 -10000 -9895
-9923 -9923 -9916 -9923
-10000 -9986 -10000 -9993
-9923 -9909 -9930 -9909
-9951 -9846 -9951 -9853
-10000 -9951 -10000 -9958
-9923 -9923 -9923 -9916
-9958 -9958 -9958 -9951
-9993 -9916 -10000 -9916
-9972 -9951 -9965 -9951
-9986 -9958 -9986 -9965
-9979 -9846 -9979 -9839
-9951 -9965 -9951 -9972
-9923 -9853 -9923 -9860
-9958 -9867 -9951 -9867
-10000 -9846 -10000 -9853
-9916 -9951 -9923 -9951
-9965 -9993 -9958 -9993
-9930 -9951 -9930 -9944
-9951 -9979 -9944 -9979
-9944 -9937 -9944 -9930
-10000 -9986 -10000 -9979
-9930 -9972 -9923 -9972
-9986 -9839 -9986 -9832
-9937 -9881 -9930 -9881
-9944 -9846 -9951 -9846
-9951 -9979 -9958 -9979
-9944 -9951 -9937 -9951
-9937 -9923 -9937 -9916
-9979 -9951 -9979 -9958
-9958 -9853 -9958 -9846
-9923 -9839 -9916 -9839
-9944 -9839 -9937 -9839
-9958 -9944 -9965 -9944
-9986 -9937 -9993 -9937
-9944 -9860 -9951 -9860
-9986 -9958 -9993 -9958
-9965 -9860 -9965 -9853
-9965 -9902 -9972 -9902
-9993 -9937 -10000 -9937
-9958 -10000 -9965 -10000
-9937 -9944 -9937 -9937
-9930 -9860 -9937 -9860
-9951 -9860 -9951 -9867
-9930 -9909 -9930 -9902
-9951 -10000 -9944 -10000
-10000 -9923 -10000 -9930
-9965 -9916 -9965 -9909
-9951 -9839 -9958 -9839
-9979 -9909 -9979 -9916
-9944 -9909 -9951 -9909
-10000 -9993 -9993 -9993
-9972 -9986 -9972 -9979
-9951 -9832 -9958 -9832
-10000 -9881 -9993 -9881
-9986 -9874 -9979 -9874
-9958 -9867 -9958 -9860
-9937 -9916 -9944 -9916
-9916 -9979 -9916 -9986
-9923 -10000 -9916 -10000
-9986 -9937 -9986 -9944
-9986 -9965 -9993 -9965
-10000 -9867 -9993 -9867
-9951 -9867 -9951 -9874
-9958 -9874 -9965 -9874
-9937 -10000 -9937 -9993
-9951 -9958 -9944 -9958
-10000 -9944 -10000 -9951
-9930 -9881 -9930 -9874
-9937 -9839 -9930 -9839
-10000 -9979 -9993 -9979
-9972 -9902 -9972 -9909
-9951 -9972 -9958 -9972
-9993 -9993 -9993 -9986
-9944 -9888 -9937 -9888
-9993 -9923 -9993 -9916
-9972 -9881 -9965 -9881
-9979 -9909 -9986 -9909
-9972 -9874 -9972 -9867
-9944 -9881 -9951 -9881
-9951 -9846 -9951 -9839
-9979 -9839 -9972 -9839
-9937 -9965 -9937 -9958
-9944 -9965 -9937 -9965
-9923 -9986 -9923 -9979
-9965 -9832 -9972 -9832
-9958 -9993 -9951 -9993
-9972 -9986 -9972 -9993
-9986 -9972 -9993 -9972
-9916 -9909 -9916 -9902
-9944 -9895 -9944 -9888
-10000 -9930 -10000 -9937
-9923 -9902 -9916 -9902
-9930 -9839 -9923 -9839
-9972 -9972 -9979 -9972
-9986 -9867 -9993 -9867
-9944 -9930 -9937 -9930
-9993 -9951 -9986 -9951
-9958 -9860 -9965 -9860
-9958 -9944 -9958 -9951
-9958 -9944 -9958 -9937
-9986 -9853 -9993 -9853
-9923 -9832 -9923 -9839
-9986 -9951 -9979 -9951
-9951 -9951 -9951 -9944
-9958 -9895 -9958 -9902
-9937 -9902 -9930 -9902
-9993 -9986 -10000 -9986
-9930 -9937 -9930 -9944
-9944 -9944 -9937 -9944
-9986 -9902 -9986 -9895
-9965 -9839 -9958 -9839
-9944 -9965 -9944 -9972
-9951 -9972 -9951 -9979
-9979 -9930 -9972 -9930
-9965 -9944 -9965 -9951
-9951 -9853 -9951 -9860
-9979 -9839 -9979 -9832
-9965 -9867 -9965 -9874
-9923 -9888 -9930 -9888
-10000 -9916 -10000 -9923
-9965 -9846 -9972 -9846
-9944 -9895 -9944 -9902
-9944 -9881 -9937 -9881
-9979 -9860 -9979 -9853
-9944 -9832 -9951 -9832
-9993 -9972 -10000 -9972
-9972 -9993 -9965 -9993
-9958 -9874 -9951 -9874
-9944 -9902 -9944 -9909
-9993 -9895 -10000 -9895
-9916 -9930 -9923 -9930
-9958 -9951 -9965 -9951
-9958 -9832 -9958 -9839
-9979 -9944 -9986 -9944
-9937 -9888 -9937 -9881
-9979 -9902 -9979 -9895
-9937 -9972 -9937 -9979
-9972 -9902 -9979 -9902
-9986 -9846 -9979 -9846
-9979 -9867 -9986 -9867
-9958 -9853 -9958 -9860
-9993 -9846 -9986 -9846
-9951 -9951 -9951 -9958
-9951 -9846 -9958 -9846
-9979 -9965 -9979 -9958
-9972 -9986 -9979 -9986
-10000 -9909 -10000 -9916
-9923 -9874 -9923 -9867
-9916 -9860 -9916 -9853
-9965 -9944 -9972 -9944
-9979 -9993 -9972 -9993
-9993 -9923 -10000 -9923
-9993 -9993 -9993 -10000
-9986 -9986 -9979 -9986
-9923 -9930 -9923 -9937
-9993 -9832 -10000 -9832
-9951 -9944 -9958 -9944
-9930 -9986 -9923 -9986
-9951 -9839 -9944 -9839
-9916 -9860 -9916 -9867
-9979 -9993 -9979 -10000
-9986 -9944 -9993 -9944
-9986 -9979 -9979 -9979
-9951 -9895 -9944 -9895
-9958 -9937 -9951 -9937
-9986 -9846 -9986 -9853
-9979 -9979 -9979 -9972
-9930 -9958 -9937 -9958
-9958 -9979 -9958 -9972
-9993 -9874 -10000 -9874
-9958 -9916 -9958 -9923
-9930 -10000 -9937 -10000
-9937 -9951 -9937 -9944
-9993 -9881 -9993 -9874
-9937 -9937 -9944 -9937
-9951 -9951 -9958 -9951
-9972 -9944 -9972 -9937
-9944 -9972 -9951 -9972
-9965 -9979 -9972 -9979
-9986 -9923 -9993 -9923
-9972 -9867 -9979 -9867
-9986 -9888 -9993 -9888
-9937 -9951 -9930 -9951
-9986 -9930 -9979 -9930
-9958 -10000 -9958 -9993
-10000 -10000 -10000 -9993
-9958 -9881 -9951 -9881
-9937 -9874 -9930 -9874
-9993 -9986 -9986 -9986
-9979 -10000 -9986 -10000
-9986 -9888 -9986 -9881
-9923 -9979 -9930 -9979
-9923 -9881 -9923 -9888
-10000 -9867 -10000 -9874
-9930 -9916 -9930 -9923
-9937 -9867 -9930 -9867
-9993 -9909 -9993 -9916
-9937 -9860 -9937 -9853
-9979 -9846 -9972 -9846
-9951 -9839 -9951 -9832
-9986 -9895 -9993 -9895
-9972 -9895 -9965 -9895
-9993 -9972 -9993 -9979
-9923 -9951 -9923 -9944
-9979 -9895 -9979 -9888
-9986 -9972 -9979 -9972
-9958 -9853 -9965 -9853
-9965 -9902 -9965 -9895
-9937 -9958 -9937 -9951
-9993 -9951 -9993 -9944
-9937 -9853 -9937 -9846
-9986 -9937 -9986 -9930
-9965 -9930 -9958 -9930
-9916 -9832 -9916 -9839
-9951 -9888 -9958 -9888
-9944 -9993 -9937 -9993
-9986 -9839 -9993 -9839
-9979 -10000 -9972 -10000
-9972 -9832 -9979 -9832
-9916 -9846 -9916 -9853
-9951 -10000 -9958 -10000
-9937 -9937 -9930 -9937
-9958 -9937 -9965 -9937
-9930 -9930 -9937 -9930
-9916 -9979 -9916 -9972
-9972 -9993 -9972 -10000
-9965 -9958 -9965 -9965
-9930 -9909 -9930 -9916
-9965 -9888 -9958 -9888
-9923 -9860 -9923 -9867
-9923 -9902 -9923 -9909
-9965 -9888 -9972 -9888
-9993 -9860 -9993 -9853
-9986 -9930 -9986 -9923
-9944 -9874 -9944 -9867
-9972 -9860 -9979 -9860
-9993 -9972 -9993 -9965
-9937 -9895 -9937 -9888
-9944 -9909 -9944 -9916
-9965 -9965 -9972 -9965
-10000 -9902 -9993 -9902
-9923 -9902 -9930 -9902
-9930 -9972 -9930 -9979
-9930 -9867 -9930 -9860
-9993 -9909 -10000 -9909
-9986 -9916 -9979 -9916
-9958 -9986 -9951 -9986
-9965 -9909 -9972 -9909
-9930 -9944 -9923 -9944
-9937 -9986 -9937 -9993
-9916 -9916 -9923 -9916
-9951 -9902 -9951 -9909
-9930 -9853 -9937 -9853
-9951 -9916 -9951 -9909
-10000 -9972 -10000 -9965
-9993 -9867 -9993 -9874
-9944 -9937 -9944 -9944
-9951 -9944 -9944 -9944
-9972 -9979 -9979 -9979
-9951 -9993 -9944 -9993
-9923 -9874 -9930 -9874
-9937 -9923 -9937 -9930
-9958 -9881 -9965 -9881
-9993 -9888 -9993 -9895
-9930 -9993 -9923 -9993
-9972 -9930 -9965 -9930
-9944 -9874 -9937 -9874
-9986 -9993 -9986 -10000
-9944 -9839 -9944 -9832
-9993 -9930 -9993 -9923
-9958 -9916 -9951 -9916
-9951 -9888 -9951 -9881
-9951 -9874 -9951 -9881
-9979 -9867 -9979 -9860
-9986 -9930 -9993 -9930
-9965 -9909 -9958 -9909
-9958 -9909 -9958 -9902
-9972 -9888 -9979 -9888
-9958 -9958 -9958 -9965
-9986 -9881 -9986 -9874
-9993 -9909 -9993 -9902
-9986 -9853 -9979 -9853
-9993 -9853 -10000 -9853
-9951 -9944 -9951 -9937
-9951 -9986 -9951 -9979
-9951 -9860 -9958 -9860
-9958 -9965 -9951 -9965
-9923 -9846 -9923 -9853
-9923 -9958 -9923 -9951
-9937 -9972 -9944 -9972
-9979 -9958 -9972 -9958
-9958 -9986 -9958 -9993
-9923 -9958 -9916 -9958
-9993 -9839 -9993 -9846
-9979 -9853 -9979 -9846
-9930 -9986 -9930 -9993
-9972 -10000 -9965 -10000
-9958 -9846 -9958 -9839
-9993 -9979 -9986 -9979
-9951 -9923 -9944 -9923
-9916 -9944 -9916 -9951
-9923 -9888 -9916 -9888
-9916 -9888 -9916 -9895
-9986 -9986 -9986 -9979
-9972 -9958 -9972 -9951
-9972 -9986 -9965 -9986
-9986 -9867 -9986 -9860
-9986 -9846 -9986 -9839
-9923 -9972 -9923 -9965
-9965 -9958 -9958 -9958
-10000 -9979 -10000 -9972
-9937 -9832 -9930 -9832
-9923 -9881 -9923 -9874
-9916 -9937 -9923 -9937
-9916 -9832 -9923 -9832
-9972 -9909 -9979 -9909
-9916 -9951 -9916 -9958
-9986 -9895 -9986 -9888
-9944 -9930 -9944 -9923
-9937 -9916 -9930 -9916
-9979 -9923 -9979 -9930
-9965 -9972 -9972 -9972
-9972 -9853 -9979 -9853
-9965 -9930 -9965 -9937
-9937 -9902 -9937 -9895
-9958 -9916 -9958 -9909
-9937 -10000 -9944 -10000
-9979 -9881 -9972 -9881
-9937 -9846 -9937 -9839
-9972 -9972 -9972 -9965
-9965 -9895 -9958 -9895
-9979 -9937 -9972 -9937
-9979 -9937 -9979 -9930
-9965 -9958 -9972 -9958
-9923 -9972 -9916 -9972
-9972 -9902 -9972 -9895
-10000 -9860 -10000 -9853
-9930 -9895 -9937 -9895
-10000 -9846 -10000 -9839
-9993 -9846 -9993 -9853
-9944 -9979 -9944 -9972
-9930 -9937 -9923 -9937
-9944 -9965 -9944 -9958
-9972 -9832 -9972 -9839
-9951 -9930 -9951 -9937
-9923 -9979 -9916 -9979
-9986 -9993 -9993 -9993
-9930 -9979 -9930 -9986
-9965 -9867 -9972 -9867
-10000 -9888 -10000 -9881
-9979 -9923 -9972 -9923
-9965 -9846 -9965 -9839
-9979 -9951 -9972 -9951
-9958 -9874 -9958 -9867
-9986 -9909 -9993 -9909
-9993 -9944 -9993 -9937
-9930 -9916 -9923 -9916
-9965 -9916 -9958 -9916
-9930 -9832 -9923 -9832
-9979 -9916 -9979 -9923
-9930 -9951 -9930 -9958
-9944 -9993 -9944 -10000
-9986 -9965 -9979 -9965
-9958 -9888 -9958 -9895
-9937 -9832 -9937 -9839
-9958 -9874 -9958 -9881
-9923 -9860 -9916 -9860
-9979 -9944 -9979 -9951
-9923 -9909 -9916 -9909
-9916 -9923 -9916 -9916
-10000 -9944 -9993 -9944
-9986 -9923 -9986 -9916
-9958 -9888 -9958 -9881
-9930 -9930 -9930 -9937
-9916 -9993 -9916 -9986
-9986 -9853 -9986 -9860
-9930 -9979 -9937 -9979
-10000 -9888 -9993 -9888
-9972 -9923 -9965 -9923
-9965 -9937 -9965 -9944
-9965 -9895 -9965 -9888
-9972 -9895 -9972 -9888
-9972 -9874 -9979 -9874
-9986 -9916 -9993 -9916
-9923 -9958 -9923 -9965
-9944 -9867 -9951 -9867
-9972 -9916 -9972 -9923
-9923 -9853 -9930 -9853
-9986 -9902 -9979 -9902
-9993 -9867 -9993 -9860
-9944 -9958 -9944 -9951
-9951 -9895 -9958 -9895
-9972 -9888 -9972 -9881
-10000 -9839 -9993 -9839
-9930 -9993 -9937 -9993
-9930 -9839 -9930 -9846
-9965 -9832 -9958 -9832
-9972 -9839 -9972 -9846
-9958 -9930 -9958 -9923
-9930 -9860 -9930 -9853
-9993 -9930 -9993 -9937
-9937 -9874 -9937 -9867
-9972 -9972 -9972 -9979
-9972 -9916 -9972 -9909
-9944 -9860 -9937 -9860
-9965 -9930 -9965 -9923
-9972 -9965 -9972 -9958
-9930 -9965 -9930 -9972
-9951 -10000 -9951 -9993
-9979 -9944 -9972 -9944
-9930 -9909 -9937 -9909
-9986 -9909 -9986 -9902
-9979 -9902 -9979 -9909
-10000 -9902 -10000 -9895
-9986 -9951 -9986 -9944
-10000 -9902 -10000 -9909
-9979 -9965 -9979 -9972
-9937 -9846 -9930 -9846
-9979 -9979 -9979 -9986
-9958 -9902 -9951 -9902
-9986 -9951 -9986 -9958
-9979 -9867 -9979 -9874
-9937 -9874 -9937 -9881
-9993 -9979 -9993 -9986
-9979 -9916 -9972 -9916
-9972 -9923 -9972 -9930
-9993 -9839 -9993 -9832
-9993 -9860 -10000 -9860
-9965 -9853 -9965 -9846
-9951 -9958 -9951 -9965
-9951 -9902 -9951 -9895
-9944 -9958 -9937 -9958
-9930 -9895 -9930 -9888
-9993 -10000 -10000 -10000
-9958 -9958 -9951 -9958
-9958 -9867 -9965 -9867
-10000 -9881 -10000 -9874
-9923 -9930 -9923 -9923
-9944 -9916 -9944 -9923
-9993 -9888 -9993 -9881
-9979 -9832 -9986 -9832
-9965 -9902 -9965 -9909
-10000 -9958 -10000 -9965
-9958 -9972 -9965 -9972
-9937 -9895 -9944 -9895
-9972 -9853 -9965 -9853
-9923 -9867 -9930 -9867
-9916 -9965 -9916 -9958
-9986 -9979 -9986 -9972
-9923 -9881 -9916 -9881
-9993 -9846 -10000 -9846
-9958 -9965 -9965 -9965
-10000 -9860 -10000 -9867
-9930 -9993 -9930 -10000
-9986 -9965 -9986 -9972
-9923 -9895 -9916 -9895
-9979 -9944 -9979 -9937
-9986 -9881 -9993 -9881
-9923 -9860 -9930 -9860
-9986 -9923 -9979 -9923
-9958 -9923 -9951 -9923
-9930 -9958 -9923 -9958
-9937 -9909 -9944 -9909
-9937 -9909 -9937 -9916
-9944 -9993 -9944 -9986
-9944 -9867 -9937 -9867
-9972 -9965 -9979 -9965
-9986 -9986 -9986 -9993
-9965 -9846 -9958 -9846
-9958 -9979 -9958 -9986
-10000 -9951 -9993 -9951
-9965 -9916 -9972 -9916
-9916 -10000 -9916 -9993
-9916 -9902 -9916 -9895
-9937 -9923 -9930 -9923
-9937 -9986 -9930 -9986
-9937 -9888 -9930 -9888
-9944 -9930 -9951 -9930
-9965 -9979 -9965 -9972
-9916 -9881 -9916 -9888
-9930 -9832 -9930 -9839
-9944 -9839 -9944 -9846
-9930 -9874 -9930 -9867
-9923 -9846 -9923 -9839
-9930 -9881 -9930 -9888
-10000 -9839 -10000 -9832
-9937 -9923 -9944 -9923
-9972 -9944 -9972 -9951
-9944 -9860 -9944 -9867
-9965 -9958 -9965 -9951
-9986 -9874 -9993 -9874
-9951 -9923 -9951 -9930
-9930 -9965 -9930 -9958
-9979 -9895 -9986 -9895
-9930 -9965 -9937 -9965
-9923 -9944 -9923 -9937
-9972 -9846 -9972 -9853
-9958 -9979 -9965 -9979
-9944 -9916 -9951 -9916
-9923 -9993 -9916 -9993
-9993 -10000 -9986 -10000
-9944 -9853 -9951 -9853
-9930 -9923 -9923 -9923
-9986 -9860 -9979 -9860
-9923 -9909 -9923 -9916
-9993 -9902 -9986 -9902
-9944 -9979 -9944 -9986
-9979 -9993 -9979 -9986
-9965 -9965 -9965 -9972
-9979 -9881 -9986 -9881
-9923 -9965 -9916 -9965
-9986 -9958 -9979 -9958
-9916 -9944 -9916 -9937
-9993 -9958 -9993 -9965
-9937 -9930 -9937 -9937
-9916 -9972 -9916 -9965
-9951 -9930 -9958 -9930
-9944 -9951 -9944 -9944
