50
100619633 644464578
383140962 520723210
561330066 605997004
632532642 655702582
534003430 754153930
353505649 542006342
161055688 504667277
13088544 753246258
185676190 595605750
201424080 853308909
350239483 467400369
488822087 806137988
249519268 512360334
448565595 480845266
822889311 446755913
492197753 953546232
429014248 477195779
63219754 650693494
763878605 823076990
751365018 759985962
283079237 285093436
44558618 509676517
560686330 679513171
632723121 883735100
249403991 848680263
205576634 414210634
24539167 132508024
469786584 849551810
61020590 573085537
715477619 181424399
135599877 389312924
62190969 830257761
557631733 568204776
403642447 409974917
546838875 712009693
395940406 867977435
1886864 647773264
159760440 816249993
592048652 794863955
211428413 990607689
154945342 522202490
79042330 652683534
195282969 722460568
763371317 975361464
93130607 966307226
160714711 449656269
399623565 444888018
708426597 801141060
81019893 415891345
48946904 641467344
